P1
120 200
000000000000000000000000000000000000000000000000000000000000000000000000000000000000000000000000000000000000000000000000
000000000000000000000000000000000000000000000000000000000000000000000000000000000000000000000000000000000000000000000000
000000000000000000000000000000000000000000000000000000000000000000000000000000000000000000000000000000000000000000000000
000000000000000000000000000000000000000000000000000000000000000000000000000000000000000000000000000000000000000000000000
000000000000000000000000000000000000000000000000000000000000000000000000000000000000000000000000000000000000000000000000
000000000000000000000000000000000000000000000000000000000000000000000000000000000000000000000000000000000000000000000000
000000000000000000000000000000000000000000000000000000000000000000000000000000000000000000000000000000000000000000000000
000000000000000000000000000000000000000000000000000000000000000000000000000000000000000000000000000000000000000000000000
000000000000000000000000000000000000000000000000000000000000000000000000000000000000000000000000000000000000000000000000
000000000000000000000000000000000000000000000000000000000000000000000000000000000000000000000000000000000000000000000000
000000000000000000000000000000000000000000000000000000000000000000000000000000000000000000000000000000000000000000000000
000000000000000000000000000000000000000000000000000000000000000000000000000000000000000000000000000000000000000000000000
000000000000000000000000000000000000000000000000000000000000000000000000000000000000000000000000000000000000000000000000
000000000000000000000000000000000000000000000000000000000000000000000000000000000000000000000000000000000000000000000000
000000000000000000000000000000000000000000000000000000000000000000000000000000000000000000000000000000000000000000000000
000000000000000000000000000000000000000000000000000000000000000000000000000000000000000000000000000000000000000000000000
000000000000000000000000000000000000000000000000000000000000000000000000000000000000000000000000000000000000000000000000
000000000000000000000000000000000000000000000000000000000000000000000000000000000000000000000000000000000000000000000000
000000000000000000000000000000000000000000000000000000000000000000000000000000000001100000000000000000000000000000000000
000000000000000000000000000000000000000000000000000000000000000000000000000000000000000010000000000000000000000000000000
000000000000000000000000000000000000000000000000000000000000000000000000000000000000001000000000000000000000000000000000
000000000000000000000000000000000000000000000000000000000000000000000000000000100000000000000000000000000000000000000000
000000000000000000000000000000000000000000000000000000000000000000000000000000000000000000000000000000000000000000000000
000000000000000000000000000000000000000000000000000000000000000000000000000000000000000000000000000000000000000000000000
000000000000000000000000000000000000000000000000000000000000000000000000000000010100000100000000000000000000000000000000
000000000000000000000000000000000000000000000000000000000000000000000000000000001110001000000000000000000000000000000000
000000000000000000000000000000000000000000000000000000000000000000000000000000000011100000000000000000000000000000000000
000000000000000000000000000000000000000000000000000000000000000000000000000000000011000000000000000000000000000000000000
000000000000000000000000000000000000000000000000000000000000000000000000010010000010000000000000000000000000000000000000
000000000000000000000000000000000000000000000000000000000000000000000000000000000000000000000000000000000000000000000000
000000000000000000000000000000000000000000000000000000000000000000000000001010000000000000000000000000000000000000000000
000000000000000000000000000000000000000000000000000000000000000000000000000001000000100010000000000000000000000000000000
000000000000000000000000000000000000000000000000000000000000000000000000000111000010001000000000000000000000000000000000
000000000000000000000000000000000000000000000000000000000000000000000000000111011101100000000000000000000000000000000000
000000000000000000000000000000000000000000000000000000000000000000000010000000111000000000000000000000000000000000000000
000000000000000000000000000000000000000000000000000000000000000000000000000000110000000000000000000000000000000000000000
000000000000000000000000000000000000000000000000000000000000000000001010000000010000000000000000000000000000000000000000
000000000000000000000000000000000000000000000000000000000000000000000111100000000000000000000000000000000000000000000000
000000000000000000000000000000000000000000000000000000000000000000000011000000000000000000000000000000000000000000000000
000000000000000000000000000000000000000000000000000000000000000000001111010000000000101000000000000000000000000000000000
000000000000000000000000000000000000000000000000000000000000000000000000010000010111100000000000000000000000000000000000
000000000000000000000000000000000000000000000000000000000000001000000011110111011100000000000000000000000000000000000000
000000000000000000000000000000000000000000000000000000000000001000000011110111101100000000000000000000000000000000000000
000000000000000000000000000000000000000000000000000000000000000000000000000111100010000000000000000000000000000000000000
000000000000000000000000000000000000000000000000000000000000000010100000001110000000000000000000000000000000000000000000
000000000000000000000000000000000000000000000000000000000000000000000000000110000000000000000000000000000000000000000000
000000000000000000000000000000000000000000000000000000000000000011000000000110000000000000000000000000000000000000000000
000000000000000000000000000000000000000000000000000000000000000111010000000000000000001000000000000000000000000000000000
000000000000000000000000000000000000000000000000000000000000000000110000000000000000000100000000000000000000000000000000
000000000000000000000000000000000000000000000000000000000000000111110000000001000010100000000000000000000000000000000000
000000000000000000000000000000000000000000000000000000000000000111110110000011111100100000000000000000000000000000000000
000000000000000000000000000000000000000000000000000000000000000000001110101010110111000000000000000000000000000000000000
000000000000000000000000000000000000000000000000000000000001000001111100101111110001000000000000000000000000000000000000
000000000000000000000000000000000000000000000000000000011000000011111101111100111000000000000000000000000000000000000000
000000000000000000000000000000000000000000000000000000001100000000111001111000101000000000000000000000000000000000000000
000000000000000000000000000000000000000000000000000000000000000000000011110000000000000000000000000000000000000000000000
000000000000000000000000000000000000000000000000000000010110100000000001110000000000000001000000000000000000000000000000
000000000000000000000000000000000000000000000000000000000000110000000000100000000000000010000000000000000000000000000000
000000000000000000000000000000000000000000000000000000000001101100000000000000000000000000000000000000000000000000000000
000000000000000000000000000000000000000000000000000000001111111101000000000000000001111000000000000000000000000000000000
000000000000000000000000000000000000000000000000000000000010001100000000000000110011001000000000000000000000000000000000
000000000000000000000000000000000000000000000010000000000000011101000001001011001011000000000000000000000000000000000000
000000000000000000000000000000000000000000000000000000001011111001001100001011011001100000000000000000000000000000000000
000000000000000000000000000000000000000000000000100000000011111011001100110011111100000000000000000000000000000000000000
000000000000000000000000000000000000000000000000010000000000100011101101110011001110000000000000000000000000000000000000
000000000000000000000000000000000000000000000001010000000000001111001111111111000000000000000000000000000000000000000000
000000000000000000000000000000000000000000000000000101000001111111011111100011110000000000000000000000000000000000000000
000000000000000000000000000000000000000000000000111000000001111111111111000011110100000100000000000000000000000000000000
000000000000000000000000000000000000000000000000011011000000011100011110000000000000000010100000000000000000000000000000
000000000000000000000000000000000000000000000000000010000000000000011110000000000000000000000000000000000000000000000000
000000000000000000000000000000000000000000000000010110010000000000011100000000000000101100000000000000000000000000000000
000000000000000000000000000000000000000000000000001110111000000000001100000000000010000100000000000000000000000000000000
000000000000000000000000000000000000000000000000000000110100000000000000000000010111110000000000000000000000000000000000
000000000000000000000000000000000000000000000000001011100010000000000000000000010110111000000000000000000000000000000000
000000000000000000000000000000000000000000000000001111111110010000000001000101100110000000000000000000000000000000000000
000000000000000000000000000000000000001100000000000011001110110000000001001101101111000000000000000000000000000000000000
000000000000000000000000000000000000000000000000000000001110110000001011011100100111000000000000000000000000000000000000
000000000000000000000000000000000000000100000000001111111100111001001111011111110000000000000000000000000000000000000000
000000000000000000000000000000000000000001000000000011111110110011011111001100111000000000000000000000000000000000000000
000000000000000000000000000000000000000010010000000001111001111011011110011100111000000000000000000000000000000000000000
000000000000000000000000000000000000000000100000000000100001110011111110111100100000000000000000000000000000000000000000
000000000000000000000000000000000000000011100000000000011111100011111110011111100000000000010000000000000000000000000000
000000000000000000000000000000000000000011101000000111111111110111111100011111101000000101110000000000000000000000000000
000000000000000000000000000000000000000000011101000000111111110111111000000000000000000001100000000000000000000000000000
000000000000000000000000000000000000000011111000000000011111000111110000000000000000001000000000000000000000000000000000
000000000000000000000000000000000000000001111011010000000000000111100000000000000100001100000000000000000000000000000000
000000000000000000000000000000000000000000000111010000000000000011100000000000000101101111000000000000000000000000000000
000000000000000000000000000000000000000000111110011000000000000001100000000000000100110000000000000000000000000000000000
000000000000000000000000000000000000000000111110111011001000000000100000000001101101110000000000000000000000000000000000
000000000000000000000000000000000000000000011100111010000000000000000000001001101100111100000000000000000000000000000000
000000000000000000000000000000000000000000000001111011000100000000000010011011101100000000000000000000000000000000000000
000000000000000000000000000000000000000000111111110111101100000000000110111011011111000000000000000000000000000000000000
000000000000000000000000000000100000000000011111110111101100000000001100111011100111000000000000000000000000000000000000
000000000000000000000000000000000000000000000111000111101110000001011101111011100000000000000000000000000000000000000000
000000000000000000000000000000100000000000000000001110011100010001011101110111110000000000000000000000000000000000000000
000000000000000000000000000000010000000000000111111110011110011001111001110111111110000000000000000000000000000000000000
000000000000000000000000000000011000000000001111111111111110011011111101110011101100000000000010000000000000000000000000
000000000000000000000000000000000100000000000111111111011110111111111001111101000000000000000000000000000000000000000000
000000000000000000000000000000100100001000000001111000111110111111111011111110000000000000011000000000000000000000000000
000000000000000000000000000000001101100000000000000000111000111110111000111111000000000000111000000000000000000000000000
000000000000000000000000000000000001000000000010111111111000111110110000111111110000000100100000000000000000000000000000
000000000000000000000000000000001111001001000111111111111101111111100000111000000000000101111000000000000000000000000000
000000000000000000000000000000001111011001000001111111111101111110000000000000000000000110000000000000000000000000000000
000000000000000000000000000000000000111110000000011111110001111110000000000000000010100110100000000000000000000000000000
000000000000000000000000000000000111110010000000000011100001111100000000000000100100111111100000000000000000000000000000
000000000000000000000000000000000111110111011000000000000000110100000000000001000100110010000000000000000000000000000000
000000000000000000000000000000000001100111011000000000000000011100000000000001001100111100000000000000000000000000000000
000000000000000000000000000000010000001110011001100000000000001100000000010011001101111110000000000000000000000000000000
000000000000000000000000000000000111111110111001100100000000000000000000010011001110011100000000000000000000000000000000
000000000000000000000000000000000011111110111101100000000000000000000000110011101110000000000000000000000000000000000000
000000000000000000000000000000000000111000111101110010000000000000001001100111011111000000000000000000000000000000000000
000000000000000000000000000000000000000001110001100011000000000000011011110111011111111000000000000000000000000000000000
000000000000000000000000000000000001011111110011110011000100001000111011110011000111110000000000000000000000000000000000
000000000000000000000100000000000001111111111011111011000100001001110111110011110000000000000000001010000000000000000000
000000000000000000001100000000000000011111100011110011100110001001111111111111111000000000000000110000000000000000000000
000000000000000000000000000000000000000111000011110111100011001011110111111111111111100000000000000000000000000000000000
000000000000000000000110000000000000000011010111001111100111101011110011100011111110000000000000110000000000000000000000
000000000000000000000011000000000000011111111111100111110111001111110011110011111000000000000010000000000000000000000000
000000000000000000000101000000000000011111111111101111110111101111100111111001000000000001000011100000000000000000000000
000000000000000000000011010000000000001111111110001111111111101111111111111110100000000001011011000000000000000000000000
000000000000000000000000011010000000000010111110001111100111111011110001111111110000000001001000000000000000000000000000
000000000000000000000010110110010000000000011000011111001111111011100011111111110000000001011111000000000000000000000000
000000000000000000000111110110000000000000001010111111000111111111000001111110000000001011111110000000000000000000000000
000000000000000000000001000110110000000111111111111111101111111100000000101000000000001001000000000000000000000000000000
000000000000000000000100011100110010000011111111111111101111111000000000000000000010011001111000000000000000000000000000
000000000000000000000011111110110010000000111111111100011111110000000000000000000010011011111100000000000000000000000000
000000000000000000000000111010110110000000011111111100001111010000000000000000100110011100100000000000000000000000000000
000000000000000000000000000011110110000000000000111000000111010000000000000000100110011100000000000000000000000000000000
000000000000000000000000111111100111001000000000000000000011010000000000010001100111011111110000000000000000000000000000
000000000000000000000000111111110111011100100000000000000001110000000000010011101111111111110000000000000000000000000000
000000000000000000000000001110001111011000000000000000000000110000000000110001101111001111100000000000000000000000000000
000000000000000000000000000100001110011100110000000000000000000000001001110011100111000100000000000000000000000000000000
000000000000000000000001011101111100111100110001000000000000000000010001110111100111110000000000000000000000000000000000
000000000000000000000000011111111110111101111001100000000000000000110001110111101111111111000000000000000000000000000000
000000000000000000000000001111111110111110111000100000000000010001110011110111100011111110000000000000000000000000000000
000000000000000000000000000001111000111101111000110000000000000001110111110011100011111000000000000010111000000000000000
000000000000000000000000000000101001111000111100110000100000110011110011110011110001000000000000000000100000000000000000
000000000000000000000000001010111111111001111101111000110000100111111111110111111100000000000000000010000000000000000000
000000000000000000000000000111111111111111111101111000110000100111110111111111111111100000000000001011000000000000000000
000000000000000000000000000001111111111101111101111100011000101111100111110011111111110000000000001011100000000000000000
000000000000000000000000000000011111100011111101111000111100101111110011110001111111000000000001011000000000000000000000
000000000000000000000000000000000011000111110001111100111110111111100011110001111000000000000001001111000000000000000000
000000000000000000000000000000010110101111110001111110111100111111110111111000100000000000001001111110000000000000000000
000000000000000000000000000000111111111111111011111110111110111111101111111111010000000000001011100000000000000000000000
000000000000000000000000000000111111111111111011111110111110111111101111111111111000000000001001100000000000000000000000
000000000000000000000000000000001111111111000001111110111111111111100001111111111110000001001001111100000000000000000000
000000000000000000000000000000000001111111000011111101111111101111100011111111111000000011011101111000000000000000000000
000000000000000000000000000000000000111111000111110001111111101110000011111010000000000011011100000000000000000000000000
000000000000000000000000000000000000000000111111110000111111101100000001111000000000010011001111001000000000000000000000
000000000000000000000000000000000001001111111111111001111111111000000000000000000000110011001111110000000000000000000000
000000000000000000000000000000000111111111111111111101111111110000000000000000001000110111011111101000000000000000000000
000000000000000000000000000000000111111111111111111100111111100000000000000000011001110111100111000000000000000000000000
000000000000000000000000000000000001111111111111100001111111100000000000000000011001110011100000000000000000000000000000
000000000000000000000000000000000000001111111111100000111100100000000000000100011001110011111110010000000000000000000000
000000000000000000000000000000000000000010111111000000011100100000000000001100111001110111111111100000000000000000000000
000000000000000000000000000000000000000000000100000000001100100000000000011000111011111111111110000000000000000000000000
000000000000000000000000000000000000000000000000000000000110100000000000011100111011110001111000000000000000000000000000
000000000000000000000000000000000000000000000000000000000011100000000000011001111001111000010000000000000000000000000000
000000000000000000000000000000000000000000000000000000000000000000011000111001111001111101000000000000000000000000000000
000000000000000000000000000000000000000000000000000000000000000000011000111011111101111111111110000000000000000000000000
000000000000000000000000000000000000000000000000000000000000000000111001111011111011111111111100000000000000000000000000
000000000000000000000000000000000000000000000000000000000000000001111001111011111000111111110000000000000000000000000000
000000000000000000000000000000000000000000000000000000000000100001110011111000111000111110000000000000000000000000000000
000000000000000000000000000000000000000000000000000000000000100011110011111000111100001000000000000000000000000000000000
000000000000000000000000000000000000000000000000000000000000100011110111111100111111100000000000000000000000000000000000
000000000000000000000000000000000000000000000000000000000000100111110111111001111111111100110000000000000000000000000000
000000000000000000000000000000000000000000000000000000000000100111110111111011111111111111100000000000000000000000000000
000000000000000000000000000000000000000000000000000000000000111111110111111100011111111110000000000000000000000000000000
000000000000000000000000000000000000000000000000000000000000101111110111111000011111111000000000000000000000000000000000
000000000000000000000000000000000000000000000000000000000000101111110001110100011111010000000000000000000000000000000000
000000000000000000000000000000000000000000000000000000000000101111110001111101001100000000000000000000000000000000000000
000000000000000000000000000000000000000000000000000000000000111111110011111110101000000000000000000000000000000000000000
000000000000000000000000000000000000000000000000000000000000111111110111111111111110000100000000000000000000000000000000
000000000000000000000000000000000000000000000000000000000000111111101111111111111111111100000000000000000000000000000000
000000000000000000000000000000000000000000000000000000000000111111110000111111111111110000000000000000000000000000000000
000000000000000000000000000000000000000000000000000000000000100111110001111111111111000000000000000000000000000000000000
000000000000000000000000000000000000000000000000000000000000101111100001111111111100000000000000000000000000000000000000
000000000000000000000000000000000000000000000000000000000000101110000000111111010000000000000000000000000000000000000000
000000000000000000000000000000000000000000000000000000000000101100000000011000000000000000000000000000000000000000000000
000000000000000000000000000000000000000000000000000000000000111000000000000000000000000000000000000000000000000000000000
000000000000000000000000000000000000000000000000000000000000110000000000000000000000000000000000000000000000000000000000
000000000000000000000000000000000000000000000000000000000000100000000000000000000000000000000000000000000000000000000000
000000000000000000000000000000000000000000000000000000000000100000000000000000000000000000000000000000000000000000000000
000000000000000000000000000000000000000000000000000000000000100000000000000000000000000000000000000000000000000000000000
000000000000000000000000000000000000000000000000000000000000100000000000000000000000000000000000000000000000000000000000
000000000000000000000000000000000000000000000000000000000000100000000000000000000000000000000000000000000000000000000000
000000000000000000000000000000000000000000000000000000000000100000000000000000000000000000000000000000000000000000000000
000000000000000000000000000000000000000000000000000000000000100000000000000000000000000000000000000000000000000000000000
000000000000000000000000000000000000000000000000000000000000100000000000000000000000000000000000000000000000000000000000
000000000000000000000000000000000000000000000000000000000000100000000000000000000000000000000000000000000000000000000000
000000000000000000000000000000000000000000000000000000000000000000000000000000000000000000000000000000000000000000000000
000000000000000000000000000000000000000000000000000000000000000000000000000000000000000000000000000000000000000000000000
000000000000000000000000000000000000000000000000000000000000000000000000000000000000000000000000000000000000000000000000
000000000000000000000000000000000000000000000000000000000000000000000000000000000000000000000000000000000000000000000000
000000000000000000000000000000000000000000000000000000000000000000000000000000000000000000000000000000000000000000000000
000000000000000000000000000000000000000000000000000000000000000000000000000000000000000000000000000000000000000000000000
000000000000000000000000000000000000000000000000000000000000000000000000000000000000000000000000000000000000000000000000
000000000000000000000000000000000000000000000000000000000000000000000000000000000000000000000000000000000000000000000000
000000000000000000000000000000000000000000000000000000000000000000000000000000000000000000000000000000000000000000000000
000000000000000000000000000000000000000000000000000000000000000000000000000000000000000000000000000000000000000000000000
